1	8981
2	3273
3	1890
4	1268
5	928
6	741
7	513
8	445
9	372
10	334
11	273
12	221
13	233
14	189
15	189
16	183
17	166
18	129
19	150
20	116
21	102
22	93
23	84
24	75
25	79
26	92
27	67
28	75
29	78
30	67
31	61
32	64
33	52
34	44
35	49
36	43
37	58
38	42
39	50
40	42
41	42
42	30
43	31
44	36
45	37
46	29
47	38
48	32
49	25
50	28
51	30
52	14
53	30
54	15
55	30
56	17
57	19
58	23
59	35
60	22
61	17
62	18
63	13
64	15
65	20
66	16
67	16
68	22
69	15
70	17
71	18
72	24
73	15
74	15
75	15
76	15
77	9
78	14
79	14
80	5
81	8
82	8
83	10
84	6
85	11
86	12
87	11
88	13
89	9
90	8
91	14
92	9
93	9
94	11
95	8
96	10
97	11
98	6
99	7
100	10
101	10
102	11
103	9
104	8
105	7
106	8
107	5
108	5
109	8
110	12
111	9
112	9
113	2
114	9
115	4
116	5
117	5
118	9
119	5
120	6
121	13
122	3
123	2
124	4
125	3
126	6
127	7
128	4
129	5
130	5
131	3
132	4
133	2
134	4
135	6
136	5
137	5
138	3
139	9
140	4
141	12
142	2
143	4
144	4
145	4
146	5
147	7
148	6
149	3
150	2
151	4
152	4
153	7
154	4
155	5
156	3
157	3
158	3
159	3
160	2
161	5
162	7
163	3
164	3
165	3
166	3
167	6
168	2
169	3
170	2
172	3
173	4
174	3
175	3
176	4
177	1
178	4
179	2
180	5
182	5
183	1
184	2
185	8
186	3
188	5
189	4
190	1
191	5
192	3
193	3
194	3
195	3
196	4
197	1
198	3
199	1
200	1
201	3
202	2
203	2
204	3
205	7
206	4
207	3
208	1
209	2
210	2
211	4
212	2
213	3
214	3
215	4
216	1
217	4
218	3
219	3
220	2
221	5
222	6
223	3
224	3
225	3
227	1
228	1
229	7
230	3
231	3
232	2
233	5
234	5
235	1
236	2
237	2
238	3
239	2
241	2
242	1
243	2
244	3
245	3
246	2
247	2
248	2
249	1
250	1
251	2
252	1
253	1
254	4
255	2
256	1
257	5
260	3
261	2
262	1
263	2
264	1
265	3
267	5
268	2
270	2
271	2
274	1
275	1
278	1
280	4
281	2
282	2
283	3
284	2
286	2
290	2
293	2
295	2
298	1
299	1
300	3
301	1
303	2
305	2
308	1
309	2
310	2
311	1
315	1
316	1
317	1
319	2
321	1
323	4
324	1
328	3
329	1
331	1
334	1
336	1
337	2
338	1
339	1
345	1
346	1
347	1
349	2
350	2
352	2
353	1
354	2
355	4
356	3
358	1
360	1
361	1
364	2
366	2
369	1
372	1
374	1
377	1
380	1
382	1
391	1
398	1
403	1
409	1
410	1
412	1
414	1
415	1
416	1
418	1
421	1
422	3
424	1
426	1
428	2
429	2
431	1
434	1
435	1
438	1
443	1
444	2
445	1
446	1
447	2
449	2
451	2
452	2
455	1
456	2
458	1
460	1
461	2
463	1
464	1
465	1
466	1
468	1
473	1
478	1
483	1
487	1
489	2
490	1
494	1
495	1
499	1
501	1
504	2
509	1
512	2
513	1
517	1
521	1
527	1
533	1
534	1
539	1
540	1
548	1
556	1
557	1
560	1
563	1
571	1
572	2
573	1
581	1
584	1
585	1
587	1
591	1
596	1
602	1
605	1
607	1
610	1
613	1
615	2
623	1
627	2
628	1
633	1
634	1
649	2
650	1
651	1
655	1
657	1
663	1
678	1
710	1
743	1
747	2
752	1
760	2
765	1
786	1
794	1
799	1
800	1
807	1
824	1
850	1
868	1
869	1
885	1
894	1
902	1
908	1
914	1
921	1
930	1
940	1
964	1
983	1
1034	1
1035	2
1061	1
1070	1
1104	1
1136	1
1148	1
1178	1
1187	1
1344	1
1376	1
1449	1
1918	1
2099	1
2352	1
2355	1
2947	1
2975	1
3049	1
7380	1
8511	1
